CHAM820102	-0.368 1.07 -1.03 0.0 0.0 0.656 2.06 1.06 4.53 -2.24 0.731 -0.524 1.77 0.0 -0.525 1.6 0.0 4.91 0.791 0.401
CHAM830107	0.0 0.0 0.0 0.0 1.0 0.0 1.0 0.0 0.0 0.0 0.0 0.0 1.0 0.0 1.0 0.0 0.0 0.0 0.0 0.0
CHOP780206	0.7 0.85 0.34 1.01 1.42 0.83 0.98 0.93 0.65 1.1 0.75 1.55 1.04 1.09 1.41 0.62 1.22 0.99 0.78 0.75
CHOP780207	0.52 0.84 1.24 1.49 1.64 0.52 1.06 1.04 0.94 1.58 0.7 0.93 0.59 0.86 1.64 0.16 1.86 0.96 0.87 0.32
FAUJ880108	-0.01 -0.01 0.04 0.0 0.06 0.04 0.15 0.03 0.12 0.0 0.05 0.11 0.07 0.04 0.0 0.0 0.08 0.03 -0.01 0.01
FAUJ880111	0.0 0.0 1.0 1.0 0.0 0.0 0.0 0.0 0.0 0.0 0.0 0.0 0.0 0.0 0.0 0.0 1.0 0.0 0.0 0.0
JOND750102	2.34 2.36 1.18 2.18 2.02 2.28 2.01 1.83 1.65 1.99 2.17 2.21 2.19 2.1 2.34 2.38 1.82 2.2 2.36 2.32
LEWP710101	0.22 0.19 0.28 0.27 0.42 0.38 0.73 0.08 0.2 0.46 0.26 0.55 0.08 0.49 0.58 0.43 0.14 0.46 0.22 0.08
OOBM850103	0.46 0.43 -1.54 -1.71 1.31 0.15 -0.33 0.52 0.2 -0.58 -1.12 -0.83 0.48 -1.52 0.64 1.25 -1.31 -2.21 3.28 0.54
OOBM850104	-2.49 -7.16 2.55 -9.97 2.27 -4.96 8.86 -6.64 -3.13 5.19 1.79 -1.6 4.04 -4.75 -0.56 -17.84 4.22 9.25 -10.87 -3.97
OOBM850105	4.55 3.24 5.97 10.68 5.56 2.18 2.85 4.37 -0.78 5.14 4.15 6.78 5.16 8.6 9.14 1.97 4.48 2.4 2.1 3.81
PALJ810107	1.08 1.04 0.93 1.01 1.05 1.11 0.86 0.96 1.22 0.91 0.95 0.95 1.09 1.15 0.85 1.17 1.02 0.8 0.98 1.03
PALJ810111	0.82 0.94 0.99 0.73 1.27 1.3 0.98 1.56 0.71 0.69 1.01 0.65 0.54 0.98 0.94 1.25 1.26 1.26 1.67 1.22
PALJ810113	0.69 0.0 0.0 1.18 1.52 0.88 2.42 2.2 0.0 1.34 1.44 1.43 0.63 0.28 2.64 0.0 0.22 1.53 0.43 0.14
PONP800105	14.6 16.49 13.24 13.28 11.79 16.23 13.78 14.18 15.9 14.1 12.02 13.36 13.59 14.5 14.18 13.9 15.35 14.76 14.1 16.3
PRAM820101	0.305 0.262 0.227 0.391 0.322 0.28 0.335 0.195 0.339 0.346 0.306 0.326 0.282 0.251 0.352 0.291 0.215 0.293 0.278 0.291
ROBB760102	2.3 -2.1 -5.2 -4.1 0.3 -3.5 7.4 -1.1 0.8 8.1 -0.7 -3.5 10.3 2.3 -5.2 -0.9 -2.8 -3.7 -4.0 -4.4
ROBB760109	-3.3 -2.3 0.0 -1.2 5.4 -4.3 3.9 0.8 -0.3 6.5 -0.4 1.8 -1.8 -0.7 -1.2 -0.8 3.0 3.1 -0.5 -3.5
CHOP780215	0.058 0.07 0.085 0.095 0.091 0.055 0.081 0.065 0.128 0.068 0.098 0.106 0.064 0.079 0.152 0.167 0.054 0.125 0.056 0.053
ROSM880103	0.4 0.6 0.3 0.4 0.9 0.3 0.8 0.7 0.5 0.9 0.7 0.4 1.3 0.4 0.0 0.6 1.0 1.2 0.4 0.4
AURR980102	0.98 0.8 1.14 1.06 1.05 1.12 1.05 1.12 0.41 1.31 0.9 1.02 1.04 0.8 1.25 0.9 1.01 1.12 0.88 0.87
AURR980103	1.05 0.96 0.81 0.97 0.91 0.99 1.39 0.95 0.6 1.05 0.87 0.96 1.11 1.03 1.26 1.06 1.43 0.94 0.95 0.62
AURR980104	0.75 1.01 0.9 0.66 1.24 1.02 1.72 0.88 0.66 1.33 1.08 1.2 1.1 1.13 1.14 0.68 0.96 0.8 0.8 0.58
AURR980106	1.1 0.84 1.05 1.08 0.72 0.9 1.14 0.9 0.26 1.67 1.31 0.81 2.3 0.77 0.55 1.26 0.83 0.99 1.06 0.76
AURR980107	1.39 0.91 0.95 0.8 0.67 1.1 1.64 1.0 0.52 0.94 1.6 0.69 2.07 0.92 0.65 1.1 1.36 0.73 0.64 0.7
AURR980116	1.19 1.36 1.45 1.45 1.33 1.35 0.72 1.2 0.44 0.1 1.43 1.02 1.27 0.82 0.74 0.58 1.55 1.06 0.61 0.46
ROBB760103	6.7 5.5 0.3 0.5 -6.1 7.2 -3.1 2.8 -4.9 -22.8 0.6 -3.0 2.2 -4.0 -6.8 4.0 -1.0 -4.6 3.2 2.5
KUMS000104	13.4 10.6 3.9 7.5 3.7 3.0 4.6 4.5 0.8 1.3 4.8 3.8 7.8 4.6 4.6 1.0 3.3 3.3 6.5 7.1
FODM020101	0.7 1.44 0.95 0.91 1.47 0.91 0.87 1.34 1.17 0.12 0.73 0.84 0.96 0.74 0.64 1.8 1.39 1.68 1.29 1.2
KOEP990102	-0.12 0.15 0.34 0.29 1.05 -0.71 1.12 -0.67 -0.63 0.0 1.67 1.45 0.91 -0.7 0.76 -0.14 1.34 -0.49 -0.77 -0.7
WILM950104	-2.34 1.09 1.6 1.56 2.81 0.62 -0.48 2.57 5.03 -0.15 0.16 1.93 1.3 0.19 -1.06 3.59 -3.0 -2.58 7.26 2.06
GEOR030105	1.065 1.192 1.131 0.478 0.762 1.369 0.836 1.368 1.015 1.241 0.861 1.097 0.736 0.822 1.022 1.017 0.973 0.836 1.189 1.14
GEOR030101	0.964 1.085 1.143 0.944 0.944 1.032 0.916 1.119 0.778 1.299 1.047 0.947 1.051 1.017 0.835 0.895 1.014 1.0 0.922 0.955
DIGM050101	1.076 1.054 1.361 1.105 1.056 0.974 1.29 0.869 0.753 0.82 0.729 1.342 1.118 0.871 1.346 0.666 0.985 0.531 0.926 1.131
MIYS990103	-0.03 -0.38 0.09 0.32 0.13 -0.3 0.17 -0.34 -0.36 0.2 0.13 0.1 0.23 0.01 0.09 -0.24 -0.04 -0.23 -0.33 -0.29
KARS160110	0.0 -4.729 -4.307 -3.151 -4.178 -2.812 -4.178 -4.801 -2.243 -4.0 -4.255 1.0 -3.425 -3.928 0.0 -6.324 -3.721 -4.793 -6.085 -3.928
BASU050101	0.1366 0.4251 0.0363 -0.0101 -0.0345 0.1747 -0.1233 0.4076 0.2745 0.0019 0.0325 -0.0433 -0.0484 0.0589 -0.0464 0.2362 0.0549 0.3167 0.4172 0.4084
KARS160120	0.0 0.0 0.0 -0.179 0.0 0.0 0.0 0.0 0.0 0.0 0.0 0.0 0.0 -4.227 0.0 0.211 -1.734 -0.96 -1.641 0.0
KARS160122	0.0 3.113 4.2 1.372 3.0 2.656 2.969 2.026 6.0 12.0 1.849 6.0 1.822 6.0 0.0 2.044 1.605 1.599 3.373 6.0
ZIMJ680104	6.0 5.98 10.76 9.74 5.41 5.74 2.77 5.48 5.05 6.3 5.65 5.68 3.22 5.66 5.97 5.89 7.59 5.66 6.02 5.96
FAUJ880109	0.0 0.0 4.0 2.0 2.0 0.0 1.0 0.0 0.0 0.0 2.0 1.0 1.0 1.0 0.0 1.0 1.0 1.0 0.0 0.0
ARGP820101	0.61 1.53 0.6 1.15 0.06 1.18 0.46 2.02 1.07 1.95 0.0 0.05 0.47 0.05 0.07 2.65 0.61 1.88 2.22 1.32
FAUJ880103	1.0 4.0 6.13 4.77 2.95 4.43 2.78 5.89 2.43 2.72 3.95 1.6 3.78 2.6 0.0 8.08 4.66 6.47 4.0 3.0
GEIM800101	1.29 1.31 1.0 1.33 0.81 1.54 1.1 1.13 0.79 0.63 1.07 0.78 1.49 0.77 0.63 1.18 1.33 0.71 1.05 0.81
CHOP780101	0.66 0.59 0.95 1.01 1.56 0.6 1.46 0.6 1.19 1.52 0.98 1.43 0.74 0.96 1.56 0.96 0.95 1.14 0.47 0.5
DAYM780101	8.6 7.4 4.9 6.6 4.3 1.7 5.5 3.6 2.9 5.2 3.9 7.0 6.0 6.1 8.4 1.3 2.0 3.4 4.5 6.6
